%%MatrixMarket matrix coordinate real general
% Generated 05-Nov-2025
811 811 8479
1 1  0.0681041666666667
2 1  0.0631041666666666
5 1  0.0611041666666666
6 1 -0.002
8 1  0.002
1 2  0.0631041666666666
2 2  0.3160121926885057
3 2 -0.000197270180681
5 2  0.173149833181692
6 2  0.0021391457316758
8 2 -0.002
10 2  0.055599230922293
11 2  0.1363258809820828
12 2  0.1826089191250932
13 2 -0.0004381809447782
15 2 -0.0017415754202684
17 2  0.0022378808140518
2 3 -0.000197270180681
3 3  0.3165536073171387
5 3  0.0021391457316758
6 3  0.173149833181692
8 3  0.0611041666666666
10 3  0.0002378808140518
11 3 -0.0017415754202684
12 3 -0.0004381809447782
13 3  0.1867328395422794
15 3  0.1346013286036664
17 3  0.0541170336262572
4 4  0.0062140620812742
7 4  0.003495731214078
9 4  0.0013020833333334
14 4  0.0037524167914238
16 4  0.0027183308671962
18 4  0.001159561956517
1 5  0.0611041666666666
2 5  0.173149833181692
3 5  0.0021391457316758
5 5  0.2768403162552212
6 5  0.0006271897512537999
12 5  0.1602684298942602
13 5 -0.0008343296368282
19 5  0.0913068667963078
20 5 -0.0014345912188386
22 5  0.0439361615937272
23 5 -0.0004974146272626
1 6 -0.002
2 6  0.0021391457316758
3 6  0.173149833181692
5 6  0.0006271897512537999
6 6  0.2759136517068928
8 6  0.0631041666666666
12 6 -0.0008343296368282
13 6  0.156292245281522
19 6 -0.0014345912188386
20 6  0.0931894974774944
22 6  0.0015025853727374
23 6  0.0458830446219354
4 7  0.003495731214078
7 7  0.0054172304532155
9 7  0.0013020833333334
14 7  0.0031901101405572
21 7  0.0019214992391374
24 7  0.000925036979325
1 8  0.002
2 8 -0.002
3 8  0.0611041666666666
6 8  0.0631041666666666
8 8  0.0681041666666667
4 9  0.0013020833333334
7 9  0.0013020833333334
9 9  0.0013020833333333
2 10  0.055599230922293
3 10  0.0002378808140518
10 10  0.1222924639006148
11 10  0.106972918295869
17 10 -0.0004757616281036
25 10  0.0566677055874228
26 10  0.0002378808140518
2 11  0.1363258809820828
3 11 -0.0017415754202684
10 11  0.106972918295869
11 11  0.3511493206924284
12 11  0.1178997378376526
13 11  0.0027508869913226
15 11 -0.0005404803633032
25 11  0.1182176996213836
26 11  0.002
28 11  0.0968454919780328
29 11  0.07598572432301499
32 11 -0.0010590304578024
35 11 -0.0014098007499484
2 12  0.1826089191250932
3 12 -0.0004381809447782
5 12  0.1602684298942602
6 12 -0.0008343296368282
11 12  0.1178997378376526
12 12  0.399346220383421
13 12 -0.0024733669334692
15 12  0.0027508869913226
19 12  0.08345513220167
20 12  0.0028607056149288
29 12  0.1080491261356268
30 12  0.097584710242919
31 12 -0.0004594012097124
32 12 -0.0014063138814632
2 13 -0.0004381809447782
3 13  0.1867328395422794
5 13 -0.0008343296368282
6 13  0.156292245281522
11 13  0.0027508869913226
12 13 -0.0024733669334692
13 13  0.3986022590202029
15 13  0.1169613711099982
19 13  0.0028607056149288
20 13  0.0841606263981402
29 13 -0.0014063138814632
30 13 -0.0004594012097124
31 13  0.1022904730949594
32 13  0.1049164227367586
4 14  0.0037524167914238
7 14  0.0031901101405572
14 14  0.0077427924810203
16 14  0.0024736258638818
21 14  0.0018251374447766
33 14  0.0020790564765814
34 14  0.00216523824482
2 15 -0.0017415754202684
3 15  0.1346013286036664
11 15 -0.0005404803633032
12 15  0.0027508869913226
13 15  0.1169613711099982
15 15  0.3498925682566992
17 15  0.1114645569737864
25 15  0.002
26 15  0.1180854755205676
28 15 -0.0014098007499484
29 15 -0.0010590304578024
32 15  0.0807948128126708
35 15  0.092853412888805
4 16  0.0027183308671962
14 16  0.0024736258638818
16 16  0.0067727304721145
18 16  0.002319123913034
27 16  0.002383025594421
34 16  0.0016713740104974
36 16  0.0019799806951986
2 17  0.0022378808140518
3 17  0.0541170336262572
10 17 -0.0004757616281036
15 17  0.1114645569737864
17 17  0.1217959605239745
25 17 -0.0017621191859482
26 17  0.054651270958822
4 18  0.001159561956517
16 18  0.002319123913034
18 18  0.0023191239130341
27 18  0.001159561956517
5 19  0.0913068667963078
6 19 -0.0014345912188386
12 19  0.08345513220167
13 19  0.0028607056149288
19 19  0.2232683765905184
20 19 -0.0021764262441324
22 19  0.07643365964133381
23 19  0.0018488842662762
30 19  0.0800537271697952
31 19 -0.0018790151336032
37 19  0.06673925991323321
38 19  0.0007804427153692
5 20 -0.0014345912188386
6 20  0.0931894974774944
12 20  0.0028607056149288
13 20  0.0841606263981402
19 20 -0.0021764262441324
20 20  0.2223906633665893
22 20  0.0018488842662762
23 20  0.0726668135617536
30 20 -0.0018790151336032
31 20  0.078223406852276
37 20  0.0007804427153692
38 20  0.071503727880534
7 21  0.0019214992391374
14 21  0.0018251374447766
21 21  0.0042226269945169
24 21  0.0015925320705046
33 21  0.0016336326641998
39 21  0.0014724525704154
5 22  0.0439361615937272
6 22  0.0015025853727374
19 22  0.07643365964133381
20 22  0.0018488842662762
22 22  0.1258281605072176
23 22 -0.0002763024626498
37 22  0.07184737309689419
38 22 -0.0020751671763638
40 22  0.0394664925274084
41 22 -0.001
5 23 -0.0004974146272626
6 23  0.0458830446219354
19 23  0.0018488842662762
20 23  0.0726668135617536
22 23 -0.0002763024626498
23 23  0.12675603121637
37 23 -0.0020751671763638
38 23  0.0697557346452426
40 23  0.001
41 23  0.0415223526121274
7 24  0.000925036979325
21 24  0.0015925320705046
24 24  0.002416700039369
39 24  0.001491663060044
42 24  0.0008241679688643999
10 25  0.0566677055874228
11 25  0.1182176996213836
15 25  0.002
17 25 -0.0017621191859482
25 25  0.194132026687116
26 25  0.0014322026339326
28 25  0.09210885678853641
35 25 -0.0006700834479846
43 25  0.035524576026703
44 25  0.0635477406430892
45 25  0.001
46 25 -0.002
10 26  0.0002378808140518
11 26  0.002
15 26  0.1180854755205676
17 26  0.054651270958822
25 26  0.0014322026339326
26 26  0.1943422628492194
28 26 -0.0006700834479846
35 26  0.0960987646790276
43 26 -0.001
44 26 -0.002
45 26  0.0335204336298898
46 26  0.06329016155462119
16 27  0.002383025594421
18 27  0.001159561956517
27 27  0.0037716531602068
36 27  0.0019177774207968
47 27  0.000694313782893
48 27  0.0013886275657858
11 28  0.0968454919780328
15 28 -0.0014098007499484
25 28  0.09210885678853641
26 28 -0.0006700834479846
28 28  0.2799823685901899
29 28  0.0726099592672646
32 28  0.0023145606202522
35 28 -0.0007047719688766
44 28  0.0692022172926044
46 28  0.0023283287135254
49 28  0.09543755803624759
50 28 -0.0011122027822334
52 28  0.09091752615740541
56 28 -0.0007460303847344
11 29  0.07598572432301499
12 29  0.1080491261356268
13 29 -0.0014063138814632
15 29 -0.0010590304578024
28 29  0.0726099592672646
29 29  0.2782765175390942
30 29  0.108428271251214
31 29  0.002066504675075
32 29  0.0005017593105208
35 29  0.0023145606202522
52 29  0.070664836108281
53 29  0.0743127322350286
54 29 -0.0005324425910402
56 29 -0.0018850376755424
12 30  0.097584710242919
13 30 -0.0004594012097124
19 30  0.0800537271697952
20 30 -0.0018790151336032
29 30  0.108428271251214
30 30  0.3698081608879135
31 30 -0.0005417820204558
32 30  0.002066504675075
37 30  0.0813413452239138
38 30  0.0012330840272904
53 30  0.1089163658948262
54 30 -0.000782623513777
58 30  0.09725892155115461
60 30  0.002043306418398
67 30  0.1237076407552888
68 30 -0.0016800732432152
12 31 -0.0004594012097124
13 31  0.1022904730949594
19 31 -0.0018790151336032
20 31  0.078223406852276
29 31  0.002066504675075
30 31 -0.0005417820204558
31 31  0.3703565358345423
32 31  0.107842481774335
37 31  0.0012330840272904
38 31  0.077747718584641
53 31 -0.000782623513777
54 31  0.1047541478837634
58 31  0.002043306418398
60 31  0.09948633716370919
67 31 -0.0016800732432152
68 31  0.1258496668421702
11 32 -0.0010590304578024
12 32 -0.0014063138814632
13 32  0.1049164227367586
15 32  0.0807948128126708
28 32  0.0023145606202522
29 32  0.0005017593105208
30 32  0.002066504675075
31 32  0.107842481774335
32 32  0.2770614339529187
35 32  0.07194984366657679
52 32 -0.0018850376755424
53 32 -0.0005324425910402
54 32  0.0792470479377282
56 32  0.06773020756471181
14 33  0.0020790564765814
21 33  0.0016336326641998
33 33  0.0071845365193247
34 33  0.0021944639425226
39 33  0.0016552807257138
55 33  0.0022444688966078
62 33  0.0020560536669
69 33  0.0025061166661242
14 34  0.00216523824482
16 34  0.0016713740104974
33 34  0.0021944639425226
34 34  0.0053330184219931
36 34  0.001534120369387
55 34  0.0016336598077862
57 34  0.0014671804689732
11 35 -0.0014098007499484
15 35  0.092853412888805
25 35 -0.0006700834479846
26 35  0.0960987646790276
28 35 -0.0007047719688766
29 35  0.0023145606202522
32 35  0.07194984366657679
35 35  0.2808596133844611
44 35  0.0023283287135254
46 35  0.0677565572821912
49 35 -0.0011122027822334
50 35  0.0916102967230454
52 35 -0.0007460303847344
56 35  0.0950982446919032
16 36  0.0019799806951986
27 36  0.0019177774207968
34 36  0.001534120369387
36 36  0.0053854317335024
48 36  0.001489941954983
51 36  0.0019335339433184
57 36  0.0019155090833208
19 37  0.06673925991323321
20 37  0.0007804427153692
22 37  0.07184737309689419
23 37 -0.0020751671763638
30 37  0.0813413452239138
31 37  0.0012330840272904
37 37  0.2112727981990867
38 37 -0.0001170222144922
40 37  0.078115311802627
41 37  0.002191853234282
58 37  0.0781924642176746
60 37 -0.0020131905860856
19 38  0.0007804427153692
20 38  0.071503727880534
22 38 -0.0020751671763638
23 38  0.0697557346452426
30 38  0.0012330840272904
31 38  0.077747718584641
37 38 -0.0001170222144922
38 38  0.2104036176125796
40 38  0.002191853234282
41 38  0.0781185490284064
58 38 -0.0020131905860856
60 38  0.080848385288533
21 39  0.0014724525704154
24 39  0.001491663060044
33 39  0.0016552807257138
39 39  0.0039939067532626
42 39  0.001671130936369
62 39  0.0016972862139828
22 40  0.0394664925274084
23 40  0.001
37 40  0.078115311802627
38 40  0.002191853234282
40 40  0.1834309670123512
41 40 -0.0007114007901978
58 40  0.0925863421390474
59 40  0.0909438731062074
60 40 -7.71660771232e-05
61 40 -0.001854942976266
64 40  0.04335314009072
65 40 -0.000548343390695
22 41 -0.001
23 41  0.0415223526121274
37 41  0.002191853234282
38 41  0.0781185490284064
40 41 -0.0007114007901978
41 41  0.1830080029961538
58 41 -7.71660771232e-05
59 41 -0.001854942976266
60 41  0.0886192464666658
61 41  0.09172899406912061
64 41  0.001451656609305
65 41  0.0453219455220844
24 42  0.0008241679688643999
39 42  0.001671130936369
42 42  0.0035566354684536
62 42  0.001820757624295
63 42  0.0018855045320846
66 42  0.0009117098752942
25 43  0.035524576026703
26 43 -0.001
43 43  0.1154427260423904
44 43  0.0635904531003416
45 43 -0.0001760152824726
46 43  0.0020880076412362
70 43  0.0384641865281222
71 43  0.001
73 43  0.0672988621991856
76 43 -0.0019119923587638
25 44  0.0635477406430892
26 44 -0.002
28 44  0.0692022172926044
35 44  0.0023283287135254
43 44  0.0635904531003416
44 44  0.2061368681018048
45 44  0.0020880076412362
46 44 -0.0006511668049154
49 44  0.0829445878415998
50 44 -0.0015374871199526
73 44  0.0855727682559284
76 44 -0.0002276824298936
25 45  0.001
26 45  0.0335204336298898
43 45 -0.0001760152824726
44 45  0.0020880076412362
45 45  0.1138716164851282
46 45  0.0671561386050214
70 45 -0.001
71 45  0.036440911232518
73 45 -0.0019119923587638
76 45  0.0709028135014476
25 46 -0.002
26 46  0.06329016155462119
28 46  0.0023283287135254
35 46  0.0677565572821912
43 46  0.0020880076412362
44 46 -0.0006511668049154
45 46  0.0671561386050214
46 46  0.2054986281054972
49 46 -0.0015374871199526
50 46  0.086502058771179
73 46 -0.0002276824298936
76 46  0.081429330913166
27 47  0.000694313782893
47 47  0.0021788176496957
48 47  0.0014205863327916
72 47  0.0007582313169042
78 47  0.0014845038668028
27 48  0.0013886275657858
36 48  0.001489941954983
47 48  0.0014205863327916
48 48  0.0038856575166859
51 48  0.0017707574010014
78 48  0.0017014017788098
28 49  0.09543755803624759
35 49 -0.0011122027822334
44 49  0.0829445878415998
46 49 -0.0015374871199526
49 49  0.3480120364264168
50 49  0.0001274675718334
52 49  0.1033084120253404
56 49  0.0019950923071068
73 49  0.08705286606758859
74 49  0.0920233939215864
75 49  0.0004437707299094
76 49  0.0019960383103852
79 49  0.0998563665552014
80 49  0.0930312099696214
81 49  0.0001532600674036
82 49 -0.0020659390844522
28 50 -0.0011122027822334
35 50  0.0916102967230454
44 50 -0.0015374871199526
46 50  0.086502058771179
49 50  0.0001274675718334
50 50  0.3475193518264201
52 50  0.0019950923071068
56 50  0.1022224441816916
73 50  0.0019960383103852
74 50  0.0004437707299094
75 50  0.0878789782094392
76 50  0.08928357513864919
79 50 -0.0020659390844522
80 50  0.0001532600674036
81 50  0.0971666522202996
82 50  0.09997575837287501
36 51  0.0019335339433184
48 51  0.0017707574010014
51 51  0.0067483923363501
57 51  0.0020882491935218
77 51  0.0018610028849112
78 51  0.001829995386834
83 51  0.0019787262792092
84 51  0.0020345195839044
28 52  0.09091752615740541
29 52  0.070664836108281
32 52 -0.0018850376755424
35 52 -0.0007460303847344
49 52  0.1033084120253404
50 52  0.0019950923071068
52 52  0.2557680648653812
53 52  0.0637298540688272
54 52  0.0018604123852024
56 52  0.0013859450884194
80 52  0.07965781981043921
81 52 -0.0022808579864018
85 52  0.0601924125445432
86 52 -0.00032952373405
29 53  0.0743127322350286
30 53  0.1089163658948262
31 53 -0.000782623513777
32 53 -0.0005324425910402
52 53  0.0637298540688272
53 53  0.2390423590773353
54 53  0.0010348711719616
56 53  0.0018604123852024
67 53  0.1100498447215296
68 53  0.0010492791502218
85 53  0.0763925345009844
86 53 -0.0026294966025688
29 54 -0.0005324425910402
30 54 -0.000782623513777
31 54  0.1047541478837634
32 54  0.0792470479377282
52 54  0.0018604123852024
53 54  0.0010348711719616
54 54  0.239491543164041
56 54  0.0611516490626562
67 54  0.0010492791502218
68 54  0.1130130816723402
85 54 -0.0026294966025688
86 54  0.074337036691297
33 55  0.0022444688966078
34 55  0.0016336598077862
55 55  0.0045574302478793
57 55  0.0013121097136488
69 55  0.0023012378833252
87 55  0.0016233841943908
28 56 -0.0007460303847344
29 56 -0.0018850376755424
32 56  0.06773020756471181
35 56  0.0950982446919032
49 56  0.0019950923071068
50 56  0.1022224441816916
52 56  0.0013859450884194
53 56  0.0018604123852024
54 56  0.0611516490626562
56 56  0.2559368888528086
80 56 -0.0022808579864018
81 56  0.0767982585426208
85 56 -0.00032952373405
86 56  0.065132408696398
34 57  0.0014671804689732
36 57  0.0019155090833208
51 57  0.0020882491935218
55 57  0.0013121097136488
57 57  0.004900034952228
83 57  0.0016724161552584
87 57  0.0013446052897332
30 58  0.09725892155115461
31 58  0.002043306418398
37 58  0.0781924642176746
38 58 -0.0020131905860856
40 58  0.0925863421390474
41 58 -7.71660771232e-05
58 58  0.2714084320551904
59 58  0.0732063594594754
60 58 -0.0006603409274134
61 58  0.0022923477387586
67 58  0.0936546726634582
68 58 -0.0004703487041642
103 58  0.0582113852547796
104 58 -0.0011146078623702
40 59  0.0909438731062074
41 59 -0.001854942976266
58 59  0.0732063594594754
59 59  0.2087046492569031
60 59  0.0022923477387586
61 59 -0.0011080389248924
64 59  0.077636391164099
65 59  0.0022475424098768
97 59  0.06487968272998181
100 59 -0.0007234974020688
103 59  0.0650415261082518
104 59 -0.0008534108454082
30 60  0.002043306418398
31 60  0.09948633716370919
37 60 -0.0020131905860856
38 60  0.080848385288533
40 60 -7.71660771232e-05
41 60  0.0886192464666658
58 60 -0.0006603409274134
59 60  0.0022923477387586
60 60  0.2695654315018659
61 60  0.07594246036766999
67 60 -0.0004703487041642
68 60  0.08941349477613619
103 60 -0.0011146078623702
104 60  0.0624862223295246
40 61 -0.001854942976266
41 61  0.09172899406912061
58 61  0.0022923477387586
59 61 -0.0011080389248924
60 61  0.07594246036766999
61 61  0.2083795932992553
64 61  0.0022475424098768
65 61  0.0747919839654624
97 61 -0.0007234974020688
100 61  0.069259889484517
103 61 -0.0008534108454082
104 61  0.0606346165965408
33 62  0.0020560536669
39 62  0.0016972862139828
42 62  0.001820757624295
62 62  0.0051796350469799
63 62  0.0015960905786288
69 62  0.0018862582543682
105 62  0.0013028237557848
42 63  0.0018855045320846
62 63  0.0015960905786288
63 63  0.0039455856554091
66 63  0.0016368605562466
102 63  0.0014377852014862
105 63  0.0013349304423722
40 64  0.04335314009072
41 64  0.001451656609305
59 64  0.077636391164099
61 64  0.0022475424098768
64 64  0.1423691325931561
65 64 -0.0007716064203422001
97 64  0.090295822429762
98 64  0.0524694293407306
99 64 -0.0010742116948172
100 64 -0.0018533809040224
40 65 -0.000548343390695
41 65  0.0453219455220844
59 65  0.0022475424098768
61 65  0.0747919839654624
64 65 -0.0007716064203422001
65 65  0.142847660269138
97 65 -0.0018533809040224
98 65  0.0009257883051828
99 65  0.0547532508284976
100 65  0.0879305473573032
42 66  0.0009117098752942
63 66  0.0016368605562466
66 66  0.0027424652410581
101 66  0.0011056046848114
102 66  0.0018307553657638
30 67  0.1237076407552888
31 67 -0.0016800732432152
53 67  0.1100498447215296
54 67  0.0010492791502218
58 67  0.0936546726634582
60 67 -0.0004703487041642
67 67  0.436185520353185
68 67 -0.0018003758717454
85 67  0.1072068057371304
86 67  0.0017338737238604
88 67  0.1108637305856722
89 67 -0.0004085677311244
91 67  0.123287170247824
92 67 -0.0018365992089672
94 67  0.09846140195482379
95 67  0.0017086608511594
103 67  0.063502273193675
104 67  0.0017041510339748
30 68 -0.0016800732432152
31 68  0.1258496668421702
53 68  0.0010492791502218
54 68  0.1130130816723402
58 68 -0.0004703487041642
60 68  0.08941349477613619
67 68 -0.0018003758717454
68 68  0.4375113493987481
85 68  0.0017338737238604
86 68  0.1053115089497554
88 68 -0.0004085677311244
89 68  0.1069299944608714
91 68 -0.0018365992089672
92 68  0.1249453553563006
94 68  0.0017086608511594
95 68  0.1015058063784908
103 68  0.0017041510339748
104 68  0.0611129733322106
33 69  0.0025061166661242
55 69  0.0023012378833252
62 69  0.0018862582543682
69 69  0.0085155229028289
87 69  0.002156672561839
90 69  0.0022710996599144
93 69  0.0024916780069728
96 69  0.0020569271052212
105 69  0.001361055667893
43 70  0.0384641865281222
45 70 -0.001
70 70  0.1293971125009146
71 70 -0.0003120741647306
73 70  0.0722176453457322
76 70  0.0021560370823654
106 70  0.0444347089328524
107 70  0.0795251767385812
108 70  0.001
109 70 -0.0018439629176346
43 71  0.001
45 71  0.036440911232518
70 71 -0.0003120741647306
71 71  0.1282959099042557
73 71  0.0021560370823654
76 71  0.075305711588438
106 71 -0.001
107 71 -0.0018439629176346
108 71  0.042338610338134
109 71  0.0827588895795158
47 72  0.0007582313169042
72 72  0.0024671797127356
78 72  0.0015806245544826
110 72  0.0008865551582528
111 72  0.0017089483958314
43 73  0.0672988621991856
44 73  0.0855727682559284
45 73 -0.0019119923587638
46 73 -0.0002276824298936
49 73  0.08705286606758859
50 73  0.0019960383103852
70 73  0.0722176453457322
71 73  0.0021560370823654
73 73  0.2601152392422061
74 73  0.0766377809420082
75 73 -0.0018965420126876
76 73  0.0002820222962916
107 73  0.0828467444638904
109 73 -0.000397880887697
49 74  0.0920233939215864
50 74  0.0004437707299094
73 74  0.0766377809420082
74 74  0.2304483474708234
75 74  0.0003127905590664
76 74 -0.0018965420126876
79 74  0.0854473375008868
82 74  0.001071548820772
107 74  0.0798659225495788
109 74  0.0021965970348224
112 74  0.0813381408927456
113 74 -0.0021281651318826
49 75  0.0004437707299094
50 75  0.0878789782094392
73 75 -0.0018965420126876
74 75  0.0003127905590664
75 75  0.2297494789181285
76 75  0.0803463481493444
79 75  0.001071548820772
82 75  0.0898044313501752
107 75  0.0021965970348224
109 75  0.0796613043517674
112 75 -0.0021281651318826
113 75  0.07901925085146939
43 76 -0.0019119923587638
44 76 -0.0002276824298936
45 76  0.0709028135014476
46 76  0.081429330913166
49 76  0.0019960383103852
50 76  0.08928357513864919
70 76  0.0021560370823654
71 76  0.075305711588438
73 76  0.0002820222962916
74 76 -0.0018965420126876
75 76  0.0803463481493444
76 76  0.2578703245986407
107 76 -0.000397880887697
109 76  0.0788487172704188
51 77  0.0018610028849112
77 77  0.0043810463537423
78 77  0.0016772593955012
84 77  0.0018456933672274
111 77  0.0016804868285922
114 77  0.0016976502312526
47 78  0.0014845038668028
48 78  0.0017014017788098
51 78  0.001829995386834
72 78  0.0015806245544826
77 78  0.0016772593955012
78 78  0.0049592857287937
111 78  0.001644786475157
49 79  0.0998563665552014
50 79 -0.0020659390844522
74 79  0.0854473375008868
75 79  0.001071548820772
79 79  0.2850754279517049
80 79  0.090640093482592
81 79  0.0013228844626694
82 79 -0.0004031937149032
112 79  0.0921135713715692
113 79  0.0011168305521678
115 79  0.0848346291875602
131 79  0.07411690689572061
132 79 -0.0024781623330414
133 79  0.0014360312967876
49 80  0.0930312099696214
50 80  0.0001532600674036
52 80  0.07965781981043921
56 80 -0.0022808579864018
79 80  0.090640093482592
80 80  0.2642429884775387
81 80  0.0008139354321184
82 80  0.0013228844626694
85 80  0.0742594934985482
86 80  0.001779077083703
131 80  0.07670280144927021
133 80 -0.0022597275899554
136 80  0.0717540720907358
137 80  0.000471428530463
49 81  0.0001532600674036
50 81  0.0971666522202996
52 81 -0.0022808579864018
56 81  0.0767982585426208
79 81  0.0013228844626694
80 81  0.0008139354321184
81 81  0.264498979920867
82 81  0.086562469900775
85 81  0.001779077083703
86 81  0.072259396435363
131 81 -0.0022597275899554
133 81  0.07673279516179179
136 81  0.000471428530463
137 81  0.0760139351537002
49 82 -0.0020659390844522
50 82  0.09997575837287501
74 82  0.001071548820772
75 82  0.0898044313501752
79 82 -0.0004031937149032
80 82  0.0013228844626694
81 82  0.086562469900775
82 82  0.2849468900778178
112 82  0.0011168305521678
113 82  0.08831668076577361
115 82 -0.0024781623330414
131 82  0.0014360312967876
132 82  0.0849149806216988
133 82  0.077691659730007
51 83  0.0019787262792092
57 83  0.0016724161552584
83 83  0.0050726573362814
84 83  0.0018554606965046
87 83  0.0014952400968258
135 83  0.0015986909602466
138 83  0.0015447804845186
51 84  0.0020345195839044
77 84  0.0018456933672274
83 84  0.0018554606965046
84 84  0.0054857988044847
114 84  0.00186530753717
134 84  0.0017846447407528
135 84  0.0015859716834102
52 85  0.0601924125445432
53 85  0.0763925345009844
54 85 -0.0026294966025688
56 85 -0.00032952373405
67 85  0.1072068057371304
68 85  0.0017338737238604
80 85  0.0742594934985482
81 85  0.001779077083703
85 85  0.2631886309328138
86 85  0.0024504161814252
88 85  0.0901299128227958
89 85 -0.0008066251363058
136 85  0.07276580515154341
137 85 -0.002197721516064
52 86 -0.00032952373405
53 86 -0.0026294966025688
54 86  0.074337036691297
56 86  0.065132408696398
67 86  0.0017338737238604
68 86  0.1053115089497554
80 86  0.001779077083703
81 86  0.072259396435363
85 86  0.0024504161814252
86 86  0.2629437962657522
88 86 -0.0008066251363058
89 86  0.0945680942368044
136 86 -0.002197721516064
137 86  0.0698281885800506
55 87  0.0016233841943908
57 87  0.0013446052897332
69 87  0.002156672561839
83 87  0.0014952400968258
87 87  0.0050366211306059
90 87  0.0019179968393894
138 87  0.0015353432790338
67 88  0.1108637305856722
68 88 -0.0004085677311244
85 88  0.0901299128227958
86 88 -0.0008066251363058
88 88  0.3493407163984588
89 88 -0.0019516521627176
91 88  0.1169471904396674
92 88  0.0023578854933068
116 88  0.1151981125556108
117 88  0.1366842809389508
118 88  0.0008511449978572
119 88 -0.0020218373936394
136 88  0.0795067096508582
137 88  0.0019796519326232
67 89 -0.0004085677311244
68 89  0.1069299944608714
85 89 -0.0008066251363058
86 89  0.0945680942368044
88 89 -0.0019516521627176
89 89  0.3479113360457829
91 89  0.0023578854933068
92 89  0.1208938778440254
116 89  0.0008511449978572
117 89 -0.0020218373936394
118 89  0.1116310650253002
119 89  0.1373342548511162
136 89  0.0019796519326232
137 89  0.080831411280789
69 90  0.0022710996599144
87 90  0.0019179968393894
90 90  0.0067400568489524
93 90  0.0025292871779142
120 90  0.0022927728316488
121 90  0.0027665295105342
138 90  0.0017024276785038
67 91  0.123287170247824
68 91 -0.0018365992089672
88 91  0.1169471904396674
89 91  0.0023578854933068
91 91  0.3571079047813908
92 91 -0.0013491345767898
94 91  0.1230953752939144
95 91  0.0006206783706378
117 91  0.1179348215947438
119 91  0.0008036651814776
122 91  0.08558627603108
123 91 -0.002329370417629
125 91  0.09544384464802121
128 91  0.001732875157964
67 92 -0.0018365992089672
68 92  0.1249453553563006
88 92  0.0023578854933068
89 92  0.1208938778440254
91 92 -0.0013491345767898
92 92  0.3550243258960408
94 92  0.0006206783706378
95 92  0.1185535677149302
117 92  0.0008036651814776
119 92  0.1142949846297404
122 92 -0.002329370417629
123 92  0.08852426472548899
125 92  0.001732875157964
128 92  0.09924978575546479
69 93  0.0024916780069728
90 93  0.0025292871779142
93 93  0.0068825524390902
96 93  0.0024903954971196
121 93  0.0023363343954022
124 93  0.0018628697640564
130 93  0.0020545400367152
67 94  0.09846140195482379
68 94  0.0017086608511594
91 94  0.1230953752939144
92 94  0.0006206783706378
94 94  0.3554903482696555
95 94  0.0010359024702026
97 94  0.0993796601545346
100 94 -0.0007011849278708
103 94  0.06834395404899681
104 94 -0.0024728445957558
125 94  0.135786280601087
126 94  0.1414947119328784
127 94  0.0018420809451348
128 94 -0.002033293113508
67 95  0.0017086608511594
68 95  0.1015058063784908
91 95  0.0006206783706378
92 95  0.1185535677149302
94 95  0.0010359024702026
95 95  0.355488239429339
97 95 -0.0007011849278708
100 95  0.0949018558739516
103 95 -0.0024728445957558
104 95  0.0695367703332416
125 95 -0.002033293113508
126 95  0.0018420809451348
127 95  0.1437112487142086
128 95  0.1383563526520454
69 96  0.0020569271052212
93 96  0.0024903954971196
96 96  0.0068877104026277
102 96  0.0020130309133186
105 96  0.0014960171135942
129 96  0.002901297791914
130 96  0.002817752384088
59 97  0.06487968272998181
61 97 -0.0007234974020688
64 97  0.090295822429762
65 97 -0.0018533809040224
94 97  0.0993796601545346
95 97 -0.0007011849278708
97 97  0.2990263173376855
98 97  0.1123244739521812
99 97  0.0022033885868154
100 97  0.0004713637124466
103 97  0.0733411145897644
104 97  0.0019590901498752
126 97  0.1132057255731972
127 97 -0.0013557792151752
64 98  0.0524694293407306
65 98  0.0009257883051828
97 98  0.1123244739521812
98 98  0.1913464591518775
99 98 -0.000204005063373
100 98  0.0022033885868154
126 98  0.129207737049599
127 98 -0.0017277867833644
139 98  0.0666094536591304
140 98 -0.0011973850452608
64 99 -0.0010742116948172
65 99  0.0547532508284976
97 99  0.0022033885868154
98 99 -0.000204005063373
99 99  0.1908934121369817
100 99  0.1109663647407628
126 99 -0.0017277867833644
127 99  0.1265786891227326
139 99  0.0008026149547392
140 99  0.0692188833394396
59 100 -0.0007234974020688
61 100  0.069259889484517
64 100 -0.0018533809040224
65 100  0.0879305473573032
94 100 -0.0007011849278708
95 100  0.0949018558739516
97 100  0.0004713637124466
98 100  0.0022033885868154
99 100  0.1109663647407628
100 100  0.2982505388491674
103 100  0.0019590901498752
104 100  0.0748462275124898
126 100 -0.0013557792151752
127 100  0.1170731514374332
66 101  0.0011056046848114
101 101  0.003716520061527
102 101  0.0023065794557194
129 101  0.0026109153767154
141 101  0.0014099406058076
63 102  0.0014377852014862
66 102  0.0018307553657638
96 102  0.0020130309133186
101 102  0.0023065794557194
102 102  0.005757395570524
105 102  0.0015281238001814
129 102  0.0023985164045786
58 103  0.0582113852547796
59 103  0.0650415261082518
60 103 -0.0011146078623702
61 103 -0.0008534108454082
67 103  0.063502273193675
68 103  0.0017041510339748
94 103  0.06834395404899681
95 103 -0.0024728445957558
97 103  0.0733411145897644
100 103  0.0019590901498752
103 103  0.1869274123935432
104 103  0.000777622119684
58 104 -0.0011146078623702
59 104 -0.0008534108454082
60 104  0.0624862223295246
61 104  0.0606346165965408
67 104  0.0017041510339748
68 104  0.0611129733322106
94 104 -0.0024728445957558
95 104  0.0695367703332416
97 104  0.0019590901498752
100 104  0.0748462275124898
103 104  0.000777622119684
104 104  0.1868391339392732
62 105  0.0013028237557848
63 105  0.0013349304423722
69 105  0.001361055667893
96 105  0.0014960171135942
102 105  0.0015281238001814
105 105  0.0035114753899128
70 106  0.0444347089328524
71 106 -0.001
106 106  0.1413062538931117
107 106  0.07845956841539781
108 106  9.894584778860001e-05
109 106  0.0021198614329744
142 106  0.0855117096087044
173 106 -0.0017902463432276
175 106  0.051889317179864
176 106  0.0005714390624646
70 107  0.0795251767385812
71 107 -0.0018439629176346
73 107  0.0828467444638904
74 107  0.0798659225495788
75 107  0.0021965970348224
76 107 -0.000397880887697
106 107  0.07845956841539781
107 107  0.2699747702771944
108 107  0.0021198614329744
109 107  8.84426075746e-05
112 107  0.0891967004400646
113 107 -0.0009496239550058001
142 107  0.08677217853622381
173 107 -0.0012134333150338
70 108  0.001
71 108  0.042338610338134
106 108  9.894584778860001e-05
107 108  0.0021198614329744
108 108  0.1407867097974702
109 108  0.0803412988469866
142 108 -0.0017902463432276
173 108  0.08888389999981559
175 108 -0.0014285609375354
176 108  0.0497705831431656
70 109 -0.0018439629176346
71 109  0.0827588895795158
73 109 -0.000397880887697
74 109  0.0021965970348224
75 109  0.0796613043517674
76 109  0.0788487172704188
106 109  0.0021198614329744
107 109  8.84426075746e-05
108 109  0.0803412988469866
109 109  0.2699666101579363
112 109 -0.0009496239550058001
113 109  0.09298091261699599
142 109 -0.0012134333150338
173 109  0.0820914887165682
72 110  0.0008865551582528
110 110  0.0027145390596152
111 110  0.0016647538748588
174 110  0.0018279839013624
177 110  0.0010497851847566
72 111  0.0017089483958314
77 111  0.0016804868285922
78 111  0.001644786475157
110 111  0.0016647538748588
111 111  0.0051830791584906
114 111  0.0018735388084748
174 111  0.001793643934067
74 112  0.0813381408927456
75 112 -0.0021281651318826
79 112  0.0921135713715692
82 112  0.0011168305521678
107 112  0.0891967004400646
109 112 -0.0009496239550058001
112 112  0.3229587828592074
113 112  0.0020974874396094
115 112  0.0939738264481996
132 112  0.0010518108911226
142 112  0.0919101144543944
143 112  0.0779048447008496
144 112  0.0788869629744028
145 112 -0.0006873600677104
146 112 -0.0024995487964896
173 112  0.0019985690681888
74 113 -0.0021281651318826
75 113  0.07901925085146939
79 113  0.0011168305521678
82 113  0.08831668076577361
107 113 -0.0009496239550058001
109 113  0.09298091261699599
112 113  0.0020974874396094
113 113  0.3243730933261308
115 113  0.0010518108911226
132 113  0.0974476815637382
142 113  0.0019985690681888
143 113 -0.0006873600677104
144 113 -0.0024995487964896
145 113  0.0732076089953734
146 113  0.0794078924908134
173 113  0.0921155130642152
77 114  0.0016976502312526
84 114  0.00186530753717
111 114  0.0018735388084748
114 114  0.0062562086350032
134 114  0.0019344354136194
147 114  0.0016086777726702
148 114  0.0016796173088198
174 114  0.0018531901979996
79 115  0.0848346291875602
82 115 -0.0024781623330414
112 115  0.0939738264481996
113 115  0.0010518108911226
115 115  0.3285031532632363
116 115  0.121034750988771
118 115  0.002065977941804
131 115  0.07156165000020299
132 115  0.0016276975164666
133 115 -0.0009244558404794
144 115  0.102686550093639
146 115  0.000813217961812
149 115  0.1398555792936462
150 115 -0.0021560861376842
88 116  0.1151981125556108
89 116  0.0008511449978572
115 116  0.121034750988771
116 116  0.4294923943529556
117 116  0.104299394080514
118 116 -6.08424777788e-05
119 116  0.00235940010942
131 116  0.06564800236532781
132 116  0.002065977941804
133 116 -0.0008896290059634
136 116  0.0776592608875348
137 116 -0.0021386411437416
149 116  0.1821096531548734
150 116 -0.0002930664276538
152 116  0.1399989046463702
153 116 -0.0018943439939436
88 117  0.1366842809389508
89 117 -0.0020218373936394
91 117  0.1179348215947438
92 117  0.0008036651814776
116 117  0.104299394080514
117 117  0.3527830807937889
118 117  0.00235940010942
119 117 -0.0023552888306384
122 117  0.0901480170378306
123 117  0.0020933026622408
152 117  0.101037828380241
153 117 -0.0001691643263382
155 117  0.106750563538326
156 117 -0.0007100774025222
88 118  0.0008511449978572
89 118  0.1116310650253002
115 118  0.002065977941804
116 118 -6.08424777788e-05
117 118  0.00235940010942
118 118  0.4268405088209226
119 118  0.1079557554706884
131 118 -0.0008896290059634
132 118  0.1222820144533118
133 118  0.069720951766072
136 118 -0.0021386411437416
137 118  0.07942297034119759
149 118 -0.0002930664276538
150 118  0.1779476778258156
152 118 -0.0018943439939436
153 118  0.142291414860682
88 119 -0.0020218373936394
89 119  0.1373342548511162
91 119  0.0008036651814776
92 119  0.1142949846297404
116 119  0.00235940010942
117 119 -0.0023552888306384
118 119  0.1079557554706884
119 119  0.3526955568458642
122 119  0.0020933026622408
123 119  0.09119079945746961
152 119 -0.0001691643263382
153 119  0.0957710289811424
155 119 -0.0007100774025222
156 119  0.1104831300762982
90 120  0.0022927728316488
120 120  0.0083246643369246
121 120  0.0022694810876134
134 120  0.0024514177743834
135 120  0.0014747020072148
138 120  0.00166260871915
151 120  0.0036402294787658
154 120  0.0028581167750732
90 121  0.0027665295105342
93 121  0.0023363343954022
120 121  0.0022694810876134
121 121  0.0068121053357909
124 121  0.0019450954037268
154 121  0.00210048042153
157 121  0.0022062898527754
91 122  0.08558627603108
92 122 -0.002329370417629
117 122  0.0901480170378306
119 122  0.0020933026622408
122 122  0.3302196884265897
123 122  0.0001270266059598
125 122  0.103118858852692
128 122  0.0005151018609538
155 122  0.1063107567829282
156 122 -0.0015553174279482
158 122  0.1165745140346148
159 122 -0.0007258840561708
161 122  0.1120497841112514
162 122  0.0018751407725934
91 123 -0.002329370417629
92 123  0.08852426472548899
117 123  0.0020933026622408
119 123  0.09119079945746961
122 123  0.0001270266059598
123 123  0.3301868705949119
125 123  0.0005151018609538
128 123  0.099128199016672
155 123 -0.0015553174279482
156 123  0.102003526702036
158 123 -0.0007258840561708
159 123  0.1202707786144236
161 123  0.0018751407725934
162 123  0.1127362739976626
93 124  0.0018628697640564
121 124  0.0019450954037268
124 124  0.0063711379185179
130 124  0.0020571551703742
157 124  0.0021887220159434
160 124  0.0023688873444168
163 124  0.0023195461385182
91 125  0.09544384464802121
92 125  0.001732875157964
94 125  0.135786280601087
95 125 -0.002033293113508
122 125  0.103118858852692
123 125  0.0005151018609538
125 125  0.3956980750555146
126 125  0.1706554720129494
127 125  0.0003625342036364
128 125  0.0006114554114872
161 125  0.1041260369024776
162 125 -0.0026675024055882
164 125  0.134339344636895
165 125  0.0014788288850544
94 126  0.1414947119328784
95 126  0.0018420809451348
97 126  0.1132057255731972
98 126  0.129207737049599
99 126 -0.0017277867833644
100 126 -0.0013557792151752
125 126  0.1706554720129494
126 126  0.5078116283224561
127 126  0.0005398086298462
128 126  0.0003625342036364
139 126  0.1372766053222599
140 126  0.0018877565987022
164 126  0.1498438787629662
165 126 -0.0021434158780016
167 126  0.129137988077683
171 126  0.0005948014992216
94 127  0.0018420809451348
95 127  0.1437112487142086
97 127 -0.0013557792151752
98 127 -0.0017277867833644
99 127  0.1265786891227326
100 127  0.1170731514374332
125 127  0.0003625342036364
126 127  0.0005398086298462
127 127  0.5063674361737489
128 127  0.166603578994678
139 127  0.0018877565987022
140 127  0.135420569257876
164 127 -0.0021434158780016
165 127  0.1506422104238176
167 127  0.0005948014992216
171 127  0.1336810550782014
91 128  0.001732875157964
92 128  0.09924978575546479
94 128 -0.002033293113508
95 128  0.1383563526520454
122 128  0.0005151018609538
123 128  0.099128199016672
125 128  0.0006114554114872
126 128  0.0003625342036364
127 128  0.166603578994678
128 128  0.393915116575211
161 128 -0.0026675024055882
162 128  0.1055847645159362
164 128  0.0014788288850544
165 128  0.138113073679933
96 129  0.002901297791914
101 129  0.0026109153767154
102 129  0.0023985164045786
129 129  0.009932226876882199
130 129  0.0034075123164864
141 129  0.0027680693808124
166 129  0.003061884933248
172 129  0.0027162575500096
93 130  0.0020545400367152
96 130  0.002817752384088
124 130  0.0020571551703742
129 130  0.0034075123164864
130 130  0.0076743299388258
163 130  0.0022122775856242
166 130  0.0027994223843634
79 131  0.07411690689572061
80 131  0.07670280144927021
81 131 -0.0022597275899554
82 131  0.0014360312967876
115 131  0.07156165000020299
116 131  0.06564800236532781
118 131 -0.0008896290059634
131 131  0.2029608217815998
132 131 -0.0009244558404794
133 131  0.001182967239666
136 131  0.07250635798286199
137 131  0.0014548138999448
79 132 -0.0024781623330414
82 132  0.0849149806216988
112 132  0.0010518108911226
113 132  0.0974476815637382
115 132  0.0016276975164666
116 132  0.002065977941804
118 132  0.1222820144533118
131 132 -0.0009244558404794
132 132  0.3303474380072022
133 132  0.0671674746915932
144 132  0.000813217961812
146 132  0.0972935987602548
149 132 -0.0021560861376842
150 132  0.1411526664334904
79 133  0.0014360312967876
80 133 -0.0022597275899554
81 133  0.07673279516179179
82 133  0.077691659730007
115 133 -0.0009244558404794
116 133 -0.0008896290059634
118 133  0.069720951766072
131 133  0.001182967239666
132 133  0.0671674746915932
133 133  0.2032550093234469
136 133  0.0014548138999448
137 133  0.0686344622602252
84 134  0.0017846447407528
114 134  0.0019344354136194
120 134  0.0024514177743834
134 134  0.0063547664626925
135 134  0.0015112388952172
148 134  0.0021187039475562
151 134  0.002909092153856
83 135  0.0015986909602466
84 135  0.0015859716834102
120 135  0.0014747020072148
134 135  0.0015112388952172
135 135  0.0038322868112829
138 135  0.001493970076477
80 136  0.0717540720907358
81 136  0.000471428530463
85 136  0.07276580515154341
86 136 -0.002197721516064
88 136  0.0795067096508582
89 136  0.0019796519326232
116 136  0.0776592608875348
118 136 -0.0021386411437416
131 136  0.07250635798286199
133 136  0.0014548138999448
136 136  0.2098604090023858
137 136  0.0004304682967748
80 137  0.000471428530463
81 137  0.0760139351537002
85 137 -0.002197721516064
86 137  0.0698281885800506
88 137  0.0019796519326232
89 137  0.080831411280789
116 137 -0.0021386411437416
118 137  0.07942297034119759
131 137  0.0014548138999448
133 137  0.0686344622602252
136 137  0.0004304682967748
137 137  0.2095910280761715
83 138  0.0015447804845186
87 138  0.0015353432790338
90 138  0.0017024276785038
120 138  0.00166260871915
135 138  0.001493970076477
138 138  0.0039695651188415
98 139  0.0666094536591304
99 139  0.0008026149547392
126 139  0.1372766053222599
127 139  0.0018877565987022
139 139  0.2058178141506429
140 139  0.00058614148302
167 139  0.1267819461116188
168 139  0.0585252270111342
169 139 -0.0011232255320308
171 139 -0.0021532875044304
98 140 -0.0011973850452608
99 140  0.0692188833394396
126 140  0.0018877565987022
127 140  0.135420569257876
139 140  0.00058614148302
140 140  0.2052807109156238
167 140 -0.0021532875044304
168 140  0.0008767744679692
169 140  0.06094254119849
171 140  0.1246854447783756
101 141  0.0014099406058076
129 141  0.0027680693808124
141 141  0.0040041443020271
170 141  0.0012360749212148
172 141  0.0025942036962194
106 142  0.0855117096087044
107 142  0.08677217853622381
108 142 -0.0017902463432276
109 142 -0.0012134333150338
112 142  0.0919101144543944
113 142  0.0019985690681888
142 142  0.2824461530594011
143 142  0.07428492577763
145 142 -0.0018535299085066
173 142  0.002515559530135
175 142  0.0982526995114226
176 142  0.0020269781719466
178 142  0.0842717323707748
181 142 -0.0016838972035022
112 143  0.0779048447008496
113 143 -0.0006873600677104
142 143  0.07428492577763
143 143  0.2520763952784631
144 143  0.0899461862354006
145 143  0.0007786572517708
146 143  0.0014991759715616
173 143 -0.0018535299085066
178 143  0.0993980743364804
